c5pc5pc5pf(c1=5,c2=10,c3=10,f1=100): 98.61111111111111
c5pc5pc5pfn(c1=5,c2=10,c3=10,f1=100): 99.07407407407408
c5pc5pc5pfn(c1=10,c2=10,c3=10,f1=100): 98.61111111111111
c5pc5pc5pfn(c1=5,c2=10,c3=10,f1=100): 99.07407407407408
